title Won't Get Fooled Again
artist The Who
note 1971
url https://www.youtube.com/watch?v=zYMD_W_r3Fg

i!
  4 4 4 4 |
  4 4 4 4 |
  4 4 4 4 |
  4 4 4 4 |
i
  [4 4] [4 4] |
  [4 4] [4 4] |
v
  [4 4]  [4 4] |
  [4 4] ![4 4] |
 `[4 4]  [4 4] |
  [4 4] ![4 4] |
c
  [4 4] [4 4] [4 4] |
 ![4 4] [4 4] 4 |
 @4 4 4 4 |
i
  [4 4] [4 4] |
  [4 4] [4 4] |
v
  [4 4]  [4 4] |
  [4 4] ![4 4] |
 `[4 4]  [4 4] |
  [4 4] ![4 4] |
c
  [4 4] [4 4] [4 4] |
 ![4 4] [4 4] 4 |
 @4 4 4 4 |
i
  [4 4] [4 4] |
i
  [4 4] [4 4] |
  [4 4] [4 4] |
  [4 4] [4 4] |
  [4 4] [4 4] |
b
  [4 4] [4 4] |
  [4 4] [4 4] |
i
  [4 4] [4 4] |
  [4 4] [4 4] |
"Guitar solo"
  [4 4] [4 4] |
  [4 4] [4 4] |
  [4 4] [4 4] |
  [4 4] [4 4] |
i
  [4 4] [4 4] |
  [4 4] [4 4] |
v
  [4 4]  [4 4] |
  [4 4] ![4 4] |
 `[4 4]  [4 4] |
  [4 4] ![4 4] |
c
  [4 4] [4 4] [4 4] |
 ![4 4] [4 4] 4 |
 @4 4 4 4 |
i
  [4 4] [4 4] |
  [4 4] [4 4] |
i
  [4 4] [4 4] |
  [4 4] [4 4] |
  [4 4] [4 4] |
  [4 4] [4 4] |
  [4 4] [4 4] |
  [4 4] [4 4] |
  [4 4] [4 4] |
"Synth bridge" zi!
  4 4 4 4 |
  4 4 4 4 |
  4 4 4 4 |
  4 4 4 4 |
  4 4 4 4 |
  4 4 4 4 |
  4 4 4 4 |
  4 4 4 4 |
  4 4 4 4 |
 #4 4 4 4 |
 #4 4 4 4 |
i
  [4 4] [4 4]
v
  [4 4] [4 4] |
  [4 4] [4 4] |
  [4 4] [4 4] |
o
  [4 4] [4 4] |
  4 4 10 1